# stept       Etot       Epot       Temper
     0    1.193522   -5.939811    4.800000
     1    1.193522   -5.939811    4.800000
     2    1.193522   -5.939365    4.799699
     3    1.193521   -5.938021    4.798794
     4    1.193519   -5.935766    4.797276
     5    1.193517   -5.932580    4.795130
     6    1.193513   -5.928432    4.792337
     7    1.193509   -5.923285    4.788871
     8    1.193505   -5.917092    4.784700
     9    1.193499   -5.909795    4.779787
    10    1.193493   -5.901330    4.774086
    11    1.193485   -5.891619    4.767547
    12    1.193477   -5.880576    4.760111
    13    1.193468   -5.868103    4.751711
    14    1.193457   -5.854090    4.742275
    15    1.193446   -5.838413    4.731718
    16    1.193433   -5.820938    4.719950
    17    1.193419   -5.801513    4.706870
    18    1.193403   -5.779977    4.692368
    19    1.193963   -5.755577    4.676326
    20    1.193657   -5.729568    4.658618
    21    1.192920   -5.701305    4.639104
    22    1.191886   -5.670435    4.617637
    23    1.191573   -5.635708    4.594058
    24    1.191406   -5.597439    4.568195
    25    1.191237   -5.555507    4.539865
    26    1.191499   -5.509208    4.508887
    27    1.191039   -5.459411    4.475069
    28    1.190435   -5.405254    4.438221
    29    1.189833   -5.346314    4.398155
    30    1.188799   -5.282755    4.354690
    31    1.188341   -5.213324    4.307662
    32    1.187167   -5.139103    4.256929
    33    1.186427   -5.058774    4.202378
    34    1.184679   -4.973681    4.143943
    35    1.183804   -4.881930    4.081615
    36    1.183658   -4.783734    4.015441
    37    1.183086   -4.680445    3.945554
    38    1.183103   -4.571380    3.872175
    39    1.182841   -4.457892    3.795633
    40    1.182159   -4.340771    3.716364
    41    1.181198   -4.220686    3.634913
    42    1.180681   -4.097884    3.551932
    43    1.179450   -3.974633    3.468168
    44    1.180100   -3.849562    3.384446
    45    1.179456   -3.727157    3.301646
    46    1.179536   -3.606757    3.220683
    47    1.178890   -3.491162    3.142465
    48    1.178814   -3.380369    3.067862
    49    1.179021   -3.275854    2.997672
    50    1.178207   -3.179965    2.932602
    51    1.177813   -3.092137    2.873237
    52    1.177551   -3.013327    2.820030
    53    1.177277   -2.944142    2.773291
    54    1.176700   -2.885114    2.733184
    55    1.176257   -2.835843    2.699731
    56    1.176379   -2.795737    2.672826
    57    1.176637   -2.764886    2.652240
    58    1.176312   -2.743515    2.637640
    59    1.175691   -2.730716    2.628611
    60    1.175068   -2.725485    2.624671
    61    1.175020   -2.726453    2.625291
    62    1.174827   -2.733516    2.629913
    63    1.174925   -2.745397    2.637974
    64    1.174447   -2.762129    2.648911
    65    1.174696   -2.781606    2.662184
    66    1.174081   -2.804653    2.677279
    67    1.174336   -2.828831    2.693719
    68    1.174596   -2.854360    2.711073
    69    1.174716   -2.880816    2.728956
    70    1.174119   -2.908271    2.747029
    71    1.173961   -2.935139    2.765002
    72    1.173374   -2.961923    2.782630
    73    1.173367   -2.987312    2.799709
    74    1.173074   -3.011933    2.816080
    75    1.173215   -3.034885    2.831619
    76    1.173648   -3.056166    2.846230
    77    1.173505   -3.076532    2.859838
    78    1.173220   -3.095483    2.872398
    79    1.173514   -3.112250    2.883878
    80    1.173807   -3.127389    2.894263
    81    1.174245   -3.140746    2.903545
    82    1.173960   -3.153188    2.911725
    83    1.173675   -3.163994    2.918805
    84    1.173966   -3.172599    2.924792
    85    1.173970   -3.179877    2.929691
    86    1.174261   -3.185257    2.933507
    87    1.174408   -3.189180    2.936246
    88    1.175564   -3.190506    2.937916
    89    1.175566   -3.191402    2.938520
    90    1.175422   -3.190869    2.938065
    91    1.176001   -3.188053    2.936560
    92    1.176148   -3.184132    2.934020
    93    1.176440   -3.178566    2.930471
    94    1.176012   -3.172276    2.925951
    95    1.175730   -3.164469    2.920507
    96    1.175304   -3.155532    2.914207
    97    1.175603   -3.144724    2.907136
    98    1.175759   -3.133061    2.899393
    99    1.176059   -3.120438    2.891101
   100    1.177083   -3.106477    2.882396
   101    1.177240   -3.092986    2.873423
   102    1.177254   -3.079476    2.864341
   103    1.177413   -3.065893    2.855309
   104    1.177282   -3.052904    2.846481
   105    1.177439   -3.040152    2.838005
   106    1.177880   -3.027835    2.830014
   107    1.178322   -3.016398    2.822615
   108    1.178614   -3.006110    2.815889
   109    1.178759   -2.997044    2.809886
   110    1.177893   -2.990088    2.804622
   111    1.177599   -2.983643    2.800088
   112    1.177305   -2.978229    2.796248
   113    1.177154   -2.973624    2.793047
   114    1.177290   -2.969577    2.790416
   115    1.177139   -2.966547    2.788275
   116    1.177131   -2.963982    2.786543
   117    1.177554   -2.961478    2.785143
   118    1.177259   -2.960086    2.784008
   119    1.177255   -2.958704    2.783075
   120    1.177107   -2.957696    2.782297
   121    1.177106   -2.956726    2.781643
   122    1.177106   -2.955907    2.781093
   123    1.176947   -2.955380    2.780631
   124    1.176695   -2.954989    2.780199
   125    1.176049   -2.954977    2.779756
   126    1.175459   -2.954945    2.779337
   127    1.174089   -2.955791    2.778985
   128    1.172277   -2.957260    2.778754
   129    1.170664   -2.958806    2.778709
   130    1.167739   -2.962049    2.778923
   131    1.165614   -2.964980    2.779465
   132    1.163177   -2.968787    2.780387
   133    1.160595   -2.973381    2.781741
   134    1.158272   -2.978466    2.783600
   135    1.156907   -2.983454    2.786037
   136    1.155022   -2.989916    2.789117
   137    1.153609   -2.996431    2.792550
   138    1.149552   -3.005614    2.796000
   139    1.143976   -3.016312    2.799446
   140    1.136948   -3.028484    2.802908
   141    1.129071   -3.041587    2.806424
   142    1.119460   -3.056597    2.810057
   143    1.109802   -3.071963    2.813898
   144    1.099305   -3.088657    2.818068
   145    1.088999   -3.105856    2.822706
   146    1.080118   -3.122555    2.827967
   147    1.072895   -3.138742    2.833999
   148    1.067781   -3.154147    2.840924
   149    1.064945   -3.168714    2.848817
   150    1.065220   -3.181622    2.857688
   151    1.068909   -3.192470    2.867470
   152    1.074623   -3.202434    2.878020
   153    1.083406   -3.210187    2.889147
   154    1.093811   -3.216892    2.900660
   155    1.105882   -3.222167    2.912332
   156    1.118728   -3.226481    2.923879
   157    1.131038   -3.230724    2.935018
   158    1.142458   -3.234877    2.945497
   159    1.153047   -3.238570    2.955107
   160    1.160989   -3.243365    2.963678
   161    1.167785   -3.247578    2.971085
   162    1.172183   -3.252333    2.977244
   163    1.175505   -3.256235    2.982105
   164    1.176712   -3.260297    2.985651
   165    1.176762   -3.263903    2.988111
   166    1.177188   -3.265860    2.989715
   167    1.176750   -3.267370    2.990436
   168    1.176602   -3.267207    2.990227
   169    1.177032   -3.265032    2.989052
   170    1.177754   -3.261118    2.986904
   171    1.177755   -3.256493    2.983793
   172    1.178049   -3.250191    2.979750
   173    1.177768   -3.243169    2.974836
   174    1.177635   -3.234834    2.969137
   175    1.177646   -3.225341    2.962757
   176    1.177515   -3.215164    2.955821
   177    1.177097   -3.204666    2.948476
   178    1.177544   -3.192924    2.940876
   179    1.177703   -3.181331    2.933182
   180    1.177429   -3.170273    2.925556
   181    1.177441   -3.159260    2.918154
   182    1.177885   -3.148360    2.911118
   183    1.178330   -3.138195    2.904577
   184    1.178337   -3.129352    2.898632
   185    1.178630   -3.121215    2.893354
   186    1.176898   -3.115495    2.888339
   187    1.169776   -3.113271    2.882050
   188    1.153140   -3.116980    2.873352
   189    1.127754   -3.125858    2.862244
   190    1.093520   -3.140288    2.848918
   191    1.051573   -3.159724    2.833770
   192    1.003635   -3.183287    2.817369
   193    0.953184   -3.208753    2.800556
   194    0.902710   -3.235345    2.784486
   195    0.856639   -3.260603    2.770481
   196    0.819406   -3.282067    2.759870
   197    0.793874   -3.298570    2.753794
   198    0.781919   -3.309351    2.753004
   199    0.785466   -3.312814    2.757721
   200    0.802646   -3.310322    2.767605
   201    0.832046   -3.302047    2.781819
   202    0.869284   -3.290634    2.799197
   203    0.911450   -3.277041    2.818424
   204    0.956167   -3.261736    2.838215
   205    0.998359   -3.248011    2.857370
   206    1.034607   -3.237441    2.874649
   207    1.063476   -3.230094    2.889131
   208    1.084214   -3.226114    2.900408
   209    1.094847   -3.227208    2.908299
   210    1.097628   -3.231627    2.913143
   211    1.095735   -3.237908    2.916097
   212    1.092386   -3.244409    2.918218
   213    1.088622   -3.250558    2.919822
   214    1.084249   -3.256661    2.920986
   215    1.080403   -3.261783    2.921845
   216    1.077185   -3.266055    2.922554
   217    1.074442   -3.269750    2.923195
   218    1.073062   -3.272024    2.923796
   219    1.073253   -3.272654    2.924349
   220    1.073539   -3.273045    2.924805
   221    1.075456   -3.271598    2.925120
   222    1.078258   -3.269140    2.925352
   223    1.082992   -3.264605    2.925486
   224    1.088707   -3.258691    2.925352
   225    1.096177   -3.250374    2.924782
   226    1.102716   -3.242093    2.923610
   227    1.109849   -3.232105    2.921689
   228    1.116629   -3.221149    2.918878
   229    1.122754   -3.209358    2.915066
   230    1.127993   -3.196856    2.910179
   231    1.132377   -3.183785    2.904333
   232    1.137574   -3.168895    2.897811
   233    1.142367   -3.153581    2.890731
   234    1.147241   -3.137341    2.883083
   235    1.152273   -3.120115    2.874878
   236    1.157136   -3.102280    2.866150
   237    1.161549   -3.084202    2.856954
   238    1.164694   -3.066813    2.847369
   239    1.168100   -3.048725    2.837489
   240    1.170451   -3.031417    2.827425
   241    1.172342   -3.014475    2.817297
   242    1.173348   -2.998414    2.807167
   243    1.173230   -2.983544    2.797082
   244    1.172147   -2.969949    2.787205
   245    1.171288   -2.956797    2.777777
   246    1.169752   -2.945280    2.768993
   247    1.168085   -2.935053    2.760990
   248    1.166553   -2.926058    2.753906
   249    1.165707   -2.917944    2.747877
   250    1.165223   -2.911225    2.743031
   251    1.165329   -2.905838    2.739477
   252    1.165065   -2.902870    2.737302
   253    1.166030   -2.900791    2.736553
   254    1.168047   -2.899769    2.737221
   255    1.169451   -2.901377    2.739248
   256    1.172143   -2.903530    2.742509
   257    1.174958   -2.907116    2.746816
   258    1.177147   -2.912521    2.751926
   259    1.178874   -2.919008    2.757453
   260    1.180066   -2.925993    2.762956
   261    1.180400   -2.933276    2.768080
   262    1.178779   -2.941500    2.772524
   263    1.174904   -2.950549    2.776006
   264    1.169411   -2.959406    2.778269
   265    1.162974   -2.967163    2.779158
   266    1.155182   -2.974201    2.778650
   267    1.146133   -2.980499    2.776799
   268    1.137150   -2.984916    2.773726
   269    1.128007   -2.987946    2.769613
   270    1.119945   -2.988683    2.764684
   271    1.112737   -2.987725    2.759190
   272    1.107267   -2.984571    2.753387
   273    1.103460   -2.979654    2.747516
   274    1.101702   -2.972901    2.741789
   275    1.103539   -2.963006    2.736366
   276    1.106612   -2.952480    2.731352
   277    1.111594   -2.940720    2.726791
   278    1.118585   -2.927611    2.722674
   279    1.127443   -2.913209    2.718943
   280    1.137228   -2.898307    2.715500
   281    1.146684   -2.883983    2.712225
   282    1.156436   -2.869430    2.708994
   283    1.164695   -2.856263    2.705691
   284    1.172052   -2.843749    2.702222
   285    1.177302   -2.832992    2.698516
   286    1.181392   -2.823017    2.694556
   287    1.183985   -2.814319    2.690447
   288    1.183863   -2.808083    2.686169
   289    1.182230   -2.803065    2.681694
   290    1.179319   -2.799319    2.677215
   291    1.174920   -2.797258    2.672867
   292    1.169592   -2.796423    2.668720
   293    1.163807   -2.796452    2.664847
   294    1.156803   -2.798234    2.661333
   295    1.149162   -2.801318    2.658267
   296    1.141797   -2.804934    2.655744
   297    1.134919   -2.809000    2.653852
   298    1.129023   -2.813140    2.652671
   299    1.124496   -2.817039    2.652248
   300    1.120389   -2.821683    2.652609
   301    1.117474   -2.826351    2.653789
   302    1.116381   -2.830381    2.655765
   303    1.116071   -2.834531    2.658349
   304    1.115663   -2.839433    2.661373
   305    1.116197   -2.844006    2.664809
   306    1.116403   -2.849334    2.668533
   307    1.115194   -2.856316    2.672418
   308    1.113891   -2.863613    2.676451
   309    1.112042   -2.871723    2.680664
   310    1.108278   -2.882112    2.685122
   311    1.104350   -2.893160    2.689913
   312    1.100504   -2.904781    2.695145
   313    1.096038   -2.917851    2.700935
   314    1.091839   -2.931629    2.707380
   315    1.087830   -2.946282    2.714543
   316    1.085583   -2.960309    2.722470
   317    1.083723   -2.975200    2.731238
   318    1.083907   -2.989523    2.741000
   319    1.086893   -3.002565    2.751785
   320    1.090930   -3.015834    2.763430
   321    1.096600   -3.028320    2.775647
   322    1.102614   -3.040640    2.787984
   323    1.109709   -3.051514    2.800075
   324    1.115128   -3.063301    2.811653
   325    1.119037   -3.075212    2.822298
   326    1.120172   -3.088061    2.831708
   327    1.118930   -3.101390    2.839842
   328    1.115736   -3.114835    2.846739
   329    1.109310   -3.129857    2.852524
   330    1.102836   -3.143660    2.857455
   331    1.095471   -3.157695    2.861943
   332    1.088616   -3.171104    2.866354
   333    1.082927   -3.183671    2.870981
   334    1.079382   -3.194808    2.876091
   335    1.078502   -3.204309    2.881892
   336    1.079074   -3.213711    2.888603
   337    1.082325   -3.221926    2.896319
   338    1.087831   -3.229292    2.904980
   339    1.095753   -3.235481    2.914475
   340    1.105261   -3.241061    2.924628
   341    1.115217   -3.246887    2.935248
   342    1.125926   -3.252350    2.946130
   343    1.135884   -3.258605    2.957039
   344    1.145361   -3.265039    2.967746
   345    1.153849   -3.271857    2.978045
   346    1.160525   -3.279629    2.987767
   347    1.165757   -3.288061    2.996962
   348    1.169460   -3.297400    3.005738
   349    1.171709   -3.307507    3.014052
   350    1.172889   -3.317922    3.021855
   351    1.173240   -3.328586    3.029266
   352    1.172913   -3.339655    3.036494
   353    1.173070   -3.350034    3.043585
   354    1.173980   -3.359386    3.050489
   355    1.174603   -3.368671    3.057156
   356    1.175767   -3.376974    3.063526
   357    1.176705   -3.384967    3.069536
   358    1.177811   -3.392162    3.075122
   359    1.178317   -3.399227    3.080217
   360    1.179050   -3.405237    3.084754
   361    1.179966   -3.410139    3.088668
   362    1.181323   -3.413591    3.091905
   363    1.181940   -3.416704    3.094414
   364    1.182374   -3.418857    3.096155
   365    1.181895   -3.420738    3.097099
   366    1.181580   -3.421269    3.097244
   367    1.181142   -3.420665    3.096543
   368    1.180873   -3.418566    3.094950
   369    1.179185   -3.416363    3.092331
   370    1.175912   -3.413667    3.088315
   371    1.169781   -3.411461    3.082705
   372    1.160633   -3.410035    3.075590
   373    1.149467   -3.408613    3.067119
   374    1.136426   -3.407360    3.057501
   375    1.122112   -3.406065    3.046997
   376    1.107994   -3.403723    3.035922
   377    1.093649   -3.401285    3.024628
   378    1.080877   -3.397503    3.013490
   379    1.069891   -3.392701    3.002866
   380    1.061522   -3.386520    2.993075
   381    1.057568   -3.377527    2.984363
   382    1.057240   -3.366729    2.976876
   383    1.061151   -3.353549    2.970639
   384    1.068862   -3.338291    2.965561
   385    1.079877   -3.321017    2.961350
   386    1.091848   -3.303275    2.957467
   387    1.103851   -3.285270    2.953427
   388    1.114810   -3.267622    2.948926
   389    1.124213   -3.250463    2.943707
   390    1.131136   -3.234420    2.937570
   391    1.134556   -3.220345    2.930400
   392    1.134686   -3.208044    2.922210
   393    1.132081   -3.197242    2.913189
   394    1.128390   -3.186700    2.903612
   395    1.123274   -3.177128    2.893729
   396    1.117939   -3.168214    2.884140
   397    1.115100   -3.158153    2.875460
   398    1.113363   -3.148668    2.867909
   399    1.114422   -3.138232    2.861599
   400    1.116913   -3.128284    2.856581
   401    1.121336   -3.118313    2.852848
   402    1.127775   -3.108149    2.850341
   403    1.136064   -3.097796    2.848952
   404    1.143393   -3.089861    2.848545
   405    1.151993   -3.081886    2.848966
   406    1.160370   -3.075133    2.850058
   407    1.167806   -3.070093    2.851671
   408    1.173666   -3.067204    2.853669
   409    1.177827   -3.066420    2.855942
   410    1.180983   -3.066912    2.858397
   411    1.182507   -3.069249    2.860995
   412    1.182802   -3.073360    2.863960
   413    1.182110   -3.079312    2.867499
   414    1.182277   -3.085187    2.871565
   415    1.181874   -3.092261    2.876054
   416    1.180743   -3.100340    2.880729
   417    1.178279   -3.109772    2.885418
   418    1.175087   -3.119918    2.890097
   419    1.170083   -3.131845    2.894755
   420    1.163560   -3.145290    2.899413
   421    1.156881   -3.158950    2.904111
   422    1.149928   -3.172988    2.908878
   423    1.141668   -3.188532    2.913779
   424    1.132799   -3.205048    2.918925
   425    1.125783   -3.220258    2.924439
   426    1.118758   -3.236206    2.930443
   427    1.112706   -3.252065    2.937042
   428    1.108834   -3.266733    2.944307
   429    1.106944   -3.280457    2.952270
   430    1.106577   -3.293669    2.960913
   431    1.107859   -3.306131    2.970161
   432    1.111508   -3.316939    2.979889
   433    1.116545   -3.326822    2.989929
   434    1.123062   -3.335386    3.000078
   435    1.130522   -3.342835    3.010110
   436    1.139093   -3.348662    3.019798
   437    1.146487   -3.354818    3.028915
   438    1.153099   -3.360491    3.037182
   439    1.158722   -3.365542    3.044364
   440    1.163587   -3.369553    3.050337
   441    1.166671   -3.373388    3.054993
   442    1.167745   -3.377065    3.058189
   443    1.166517   -3.380754    3.059846
   444    1.164344   -3.383421    3.060178
   445    1.161070   -3.385616    3.059453
   446    1.158341   -3.385831    3.057761
   447    1.154882   -3.385457    3.055181
   448    1.152031   -3.383293    3.051807
   449    1.148968   -3.380309    3.047737
   450    1.146163   -3.376186    3.043076
   451    1.144071   -3.370627    3.037927
   452    1.143417   -3.363056    3.032393
   453    1.143229   -3.354611    3.026584
   454    1.143441   -3.345478    3.020581
   455    1.145039   -3.334738    3.014429
   456    1.146878   -3.323462    3.008079
   457    1.149050   -3.311422    3.001440
   458    1.151774   -3.298348    2.994474
   459    1.153584   -3.285488    2.987039
   460    1.153273   -3.273874    2.979015
   461    1.152519   -3.261871    2.970431
   462    1.150479   -3.250399    2.961338
   463    1.148120   -3.238608    2.951817
   464    1.144611   -3.227472    2.941963
   465    1.140230   -3.216911    2.931908
   466    1.135327   -3.206841    2.921832
   467    1.131872   -3.195525    2.911893
   468    1.128129   -3.184859    2.902197
   469    1.125158   -3.173981    2.892878
   470    1.124187   -3.161883    2.884084
   471    1.125107   -3.148767    2.875878
   472    1.126872   -3.135636    2.868230
   473    1.130789   -3.121086    2.861075
   474    1.135777   -3.106052    2.854315
   475    1.141690   -3.090499    2.847828
   476    1.148197   -3.074554    2.841478
   477    1.154365   -3.058942    2.835122
   478    1.160853   -3.042800    2.828626
   479    1.166611   -3.026998    2.821868
   480    1.171354   -3.011678    2.814750
   481    1.175279   -2.996537    2.807203
   482    1.178507   -2.981399    2.799189
   483    1.180067   -2.967227    2.790703
   484    1.181323   -2.952848    2.781872
   485    1.181553   -2.939267    2.772888
   486    1.181993   -2.925536    2.763945
   487    1.182043   -2.912415    2.755149
   488    1.181548   -2.899681    2.746247
   489    1.178662   -2.888899    2.737051
   490    1.173457   -2.880206    2.727698
   491    1.165684   -2.874124    2.718375
   492    1.157224   -2.869107    2.709307
   493    1.146895   -2.866728    2.700756
   494    1.136061   -2.866049    2.693009
   495    1.125570   -2.866658    2.686359
   496    1.115029   -2.869328    2.681062
   497    1.104980   -2.873887    2.677368
   498    1.097600   -2.878522    2.675521
   499    1.089407   -2.886147    2.675139
   500    1.081138   -2.895068    2.675578
   501    1.070927   -2.906872    2.676649
   502    1.058138   -2.922054    2.678260
   503    1.042815   -2.940457    2.680332
   504    1.026206   -2.960787    2.682837
   505    1.008417   -2.983023    2.685829
   506    0.990348   -3.006503    2.689470
   507    0.972990   -3.030651    2.694039
   508    0.957351   -3.055018    2.699911
   509    0.947571   -3.076058    2.707488
   510    0.942563   -3.095355    2.717104
   511    0.944343   -3.111142    2.728924
   512    0.953591   -3.122604    2.742860
   513    0.968963   -3.130518    2.758529
   514    0.990124   -3.134413    2.775389
   515    1.015166   -3.135434    2.792927
   516    1.043171   -3.133537    2.810495
   517    1.072308   -3.129301    2.827251
   518    1.099764   -3.124365    2.842405
   519    1.124170   -3.119166    2.855329
   520    1.144806   -3.113654    2.865506
   521    1.160022   -3.108593    2.872339
   522    1.169029   -3.104173    2.875425
   523    1.171269   -3.100889    2.874723
   524    1.167232   -3.098391    2.870325
   525    1.159357   -3.095436    2.863038
   526    1.150061   -3.090774    2.853646
   527    1.140385   -3.083649    2.842341
   528    1.129658   -3.075122    2.829385
   529    1.119343   -3.064148    2.815059
   530    1.110770   -3.049855    2.799673
   531    1.102808   -3.033865    2.783556
   532    1.097143   -3.014982    2.767037
   533    1.093175   -2.994271    2.750431
   534    1.092009   -2.971036    2.734012
   535    1.094266   -2.944988    2.718003
   536    1.098921   -2.917407    2.702576
   537    1.105772   -2.888681    2.687856
   538    1.114336   -2.859421    2.673930
   539    1.124469   -2.829855    2.660854
   540    1.134552   -2.801671    2.648673
   541    1.144858   -2.774661    2.637433
   542    1.155141   -2.749047    2.627117
   543    1.162434   -2.727624    2.617609
   544    1.167842   -2.709219    2.608863
   545    1.170530   -2.694765    2.600946
   546    1.169524   -2.685356    2.593938
   547    1.166749   -2.679207    2.587933
   548    1.160927   -2.677847    2.583100
   549    1.154136   -2.679725    2.579794
   550    1.146754   -2.684826    2.578260
   551    1.140109   -2.691845    2.578511
   552    1.133399   -2.701567    2.580538
   553    1.125992   -2.714573    2.584305
   554    1.120278   -2.728374    2.589747
   555    1.115870   -2.743211    2.596764
   556    1.112892   -2.758753    2.605219
   557    1.111526   -2.774552    2.614931
   558    1.112710   -2.789350    2.625686
   559    1.114528   -2.804693    2.637233
   560    1.118266   -2.818878    2.649293
   561    1.123962   -2.831424    2.661568
   562    1.131291   -2.842206    2.673755
   563    1.138009   -2.853038    2.685564
   564    1.145170   -2.862459    2.696723
   565    1.152548   -2.870337    2.706988
   566    1.159805   -2.876706    2.716157
   567    1.166652   -2.881626    2.724075
   568    1.172434   -2.885593    2.730635
   569    1.177129   -2.888533    2.735772
   570    1.181033   -2.890113    2.739463
   571    1.182378   -2.892139    2.741731
   572    1.183365   -2.892508    2.742643
   573    1.183701   -2.891856    2.742431
   574    1.183354   -2.890624    2.741369
   575    1.182426   -2.888899    2.739583
   576    1.182515   -2.885202    2.737156
   577    1.181757   -2.881512    2.734162
   578    1.181458   -2.876620    2.730670
   579    1.180762   -2.871466    2.726733
   580    1.180828   -2.864952    2.722394
   581    1.180936   -2.857840    2.717681
   582    1.180937   -2.849997    2.712404
   583    1.179052   -2.842867    2.706338
   584    1.176421   -2.835297    2.699474
   585    1.171577   -2.828820    2.691856
   586    1.166152   -2.821911    2.683556
   587    1.159345   -2.815475    2.674645
   588    1.151602   -2.809010    2.665085
   589    1.143088   -2.802272    2.654822
   590    1.132781   -2.796371    2.643915
   591    1.121517   -2.790464    2.632361
   592    1.108166   -2.785743    2.620201
   593    1.092409   -2.782980    2.607738
   594    1.076925   -2.780149    2.595414
   595    1.061390   -2.778254    2.583686
   596    1.047357   -2.776430    2.573016
   597    1.035027   -2.775128    2.563843
   598    1.024956   -2.774386    2.556567
   599    1.017551   -2.774296    2.551524
   600    1.014338   -2.773695    2.548957
   601    1.014623   -2.773491    2.549012
   602    1.018363   -2.773780    2.551723
   603    1.025872   -2.774129    2.557010
   604    1.036398   -2.775016    2.564690
   605    1.049309   -2.776651    2.574478
   606    1.062698   -2.780405    2.586013
   607    1.077248   -2.785036    2.598921
   608    1.090851   -2.791483    2.612411
   609    1.100655   -2.801025    2.625430
   610    1.105116   -2.814211    2.637305
   611    1.103554   -2.830792    2.647410
   612    1.094066   -2.851858    2.655201
   613    1.077742   -2.876129    2.660549
   614    1.054518   -2.903994    2.663672
   615    1.027233   -2.933441    2.665126
   616    0.998571   -2.962906    2.665667
   617    0.971281   -2.990847    2.666105
   618    0.948051   -3.015799    2.667264
   619    0.931000   -3.036506    2.669723
   620    0.920032   -3.052903    2.673377
   621    0.913387   -3.066127    2.677803
   622    0.910688   -3.076121    2.682713
   623    0.911254   -3.083151    2.687824
   624    0.914720   -3.087058    2.692785
   625    0.918660   -3.089609    2.697153
   626    0.921346   -3.091486    2.700224
   627    0.919781   -3.094714    2.701342
   628    0.912666   -3.099984    2.700101
   629    0.900369   -3.106858    2.696452
   630    0.883151   -3.115714    2.690825
   631    0.862888   -3.125564    2.683818
   632    0.840190   -3.136864    2.676149
   633    0.819061   -3.147722    2.669237
   634    0.803083   -3.156542    2.664421
   635    0.793035   -3.163252    2.662175
   636    0.790101   -3.167174    2.662839
   637    0.794656   -3.168262    2.666637
   638    0.805566   -3.167586    2.673523
   639    0.823575   -3.164487    2.683556
   640    0.847932   -3.159614    2.696667
   641    0.876536   -3.154279    2.712324
   642    0.908993   -3.147870    2.729852
   643    0.942872   -3.141671    2.748477
   644    0.977444   -3.135208    2.767393
   645    1.009516   -3.130511    2.785813
   646    1.039014   -3.126593    2.803025
   647    1.064327   -3.124623    2.818733
   648    1.086519   -3.123692    2.833039
   649    1.106134   -3.123056    2.845811
   650    1.121790   -3.123549    2.856676
   651    1.133842   -3.124379    2.865345
   652    1.141625   -3.126106    2.871744
   653    1.147176   -3.127209    2.876221
   654    1.152089   -3.126916    2.879331
   655    1.156763   -3.125333    2.881410
   656    1.161548   -3.122207    2.882527
   657    1.165283   -3.118610    2.882619
   658    1.168898   -3.113515    2.881624
   659    1.171209   -3.108113    2.879543
   660    1.171671   -3.103002    2.876416
   661    1.170111   -3.098608    2.872409
   662    1.168094   -3.093664    2.867725
   663    1.164261   -3.089672    2.862459
   664    1.159578   -3.085782    2.856691
   665    1.153737   -3.082491    2.850546
   666    1.146749   -3.079994    2.844164
   667    1.139202   -3.077848    2.837641
   668    1.131562   -3.075713    2.831064
   669    1.123687   -3.073732    2.824431
   670    1.113698   -3.073670    2.817668
   671    1.103975   -3.073173    2.810791
   672    1.093744   -3.073182    2.803913
   673    1.083470   -3.073454    2.797182
   674    1.073356   -3.074023    2.790760
   675    1.065480   -3.073051    2.784806
   676    1.058560   -3.072048    2.779475
   677    1.053550   -3.070263    2.774902
   678    1.050733   -3.067574    2.771197
   679    1.049550   -3.064660    2.768440
   680    1.050765   -3.060838    2.766686
   681    1.055266   -3.055154    2.765890
   682    1.061289   -3.049238    2.765962
   683    1.068783   -3.043063    2.766850
   684    1.076792   -3.037501    2.768496
   685    1.085494   -3.032283    2.770841
   686    1.093912   -3.028290    2.773818
   687    1.102248   -3.025218    2.777360
   688    1.109883   -3.023577    2.781394
   689    1.116842   -3.023226    2.785840
   690    1.122785   -3.024377    2.790613
   691    1.127450   -3.027153    2.795621
   692    1.130940   -3.031308    2.800765
   693    1.133633   -3.036364    2.805980
   694    1.135838   -3.042079    2.811308
   695    1.138319   -3.047653    2.816728
   696    1.139762   -3.054178    2.822090
   697    1.141188   -3.060450    2.827271
   698    1.142876   -3.066213    2.832284
   699    1.144247   -3.072062    2.837142
   700    1.146992   -3.076205    2.841778
   701    1.149711   -3.079992    2.846155
   702    1.153996   -3.081759    2.850227
   703    1.158346   -3.082929    2.853942
   704    1.162708   -3.083506    2.857265
   705    1.166023   -3.084524    2.860181
   706    1.169562   -3.084711    2.862689
   707    1.171880   -3.085529    2.864799
   708    1.174163   -3.085821    2.866531
   709    1.175758   -3.086277    2.867912
   710    1.177197   -3.086405    2.868966
   711    1.176914   -3.087833    2.869736
   712    1.176482   -3.089197    2.870364
   713    1.176480   -3.090072    2.870951
   714    1.176043   -3.091294    2.871479
   715    1.176039   -3.091944    2.871914
   716    1.176610   -3.091811    2.872209
   717    1.176605   -3.091969    2.872311
   718    1.177462   -3.090886    2.872159
   719    1.176877   -3.090757    2.871679
   720    1.175860   -3.090463    2.870797
   721    1.175420   -3.088882    2.869437
   722    1.174980   -3.086483    2.867526
   723    1.174830   -3.082876    2.864999
   724    1.174392   -3.078554    2.861795
   725    1.174675   -3.072437    2.857870
   726    1.173806   -3.066351    2.853190
   727    1.173517   -3.058533    2.847734
   728    1.173807   -3.048975    2.841498
   729    1.173088   -3.039285    2.834494
   730    1.173668   -3.027197    2.826751
   731    1.173386   -3.014943    2.818315
   732    1.173537   -3.001325    2.809253
   733    1.174267   -2.986325    2.799650
   734    1.174999   -2.970674    2.789611
   735    1.175265   -2.954983    2.779232
   736    1.174742   -2.939143    2.768222
   737    1.170935   -2.925268    2.756324
   738    1.164751   -2.912722    2.743720
   739    1.155787   -2.902261    2.730649
   740    1.144668   -2.893697    2.717405
   741    1.132469   -2.886477    2.704337
   742    1.118989   -2.881400    2.691851
   743    1.105897   -2.877453    2.680385
   744    1.093504   -2.874995    2.670392
   745    1.082848   -2.873638    2.662308
   746    1.074340   -2.873551    2.656525
   747    1.069667   -2.873505    2.653349
   748    1.068673   -2.873926    2.652964
   749    1.072045   -2.874193    2.655413
   750    1.078695   -2.875235    2.660588
   751    1.088101   -2.877206    2.668244
   752    1.099946   -2.879900    2.678027
   753    1.113055   -2.883862    2.689515
   754    1.126066   -2.889779    2.702251
   755    1.138968   -2.896990    2.715784
   756    1.151279   -2.905352    2.729695
   757    1.162232   -2.915093    2.743621
   758    1.170225   -2.927375    2.757264
   759    1.174975   -2.942146    2.770399
   760    1.178823   -2.956838    2.782875
   761    1.179197   -2.974187    2.794801
   762    1.178905   -2.991935    2.806546
   763    1.179046   -3.009234    2.818282
   764    1.179332   -3.026299    2.829957
   765    1.179618   -3.043209    2.841528
   766    1.179470   -3.060337    2.852954
   767    1.179070   -3.077307    2.864105
   768    1.177869   -3.094474    2.874848
   769    1.176746   -3.110891    2.885139
   770    1.175593   -3.126608    2.894939
   771    1.173326   -3.142652    2.904210
   772    1.171185   -3.157730    2.912915
   773    1.169419   -3.171553    2.921028
   774    1.166707   -3.185410    2.928528
   775    1.164192   -3.198142    2.935402
   776    1.161866   -3.209743    2.941643
   777    1.159427   -3.220528    2.947260
   778    1.158001   -3.229399    2.952269
   779    1.157107   -3.236875    2.956698
   780    1.156955   -3.242801    2.960583
   781    1.157435   -3.247359    2.963973
   782    1.157678   -3.251492    2.966919
   783    1.159381   -3.253577    2.969467
   784    1.161314   -3.254905    2.971661
   785    1.163812   -3.255189    2.973533
   786    1.166467   -3.254849    2.975091
   787    1.169289   -3.253849    2.976317
   788    1.172343   -3.252001    2.977129
   789    1.175322   -3.249420    2.977396
   790    1.177219   -3.246929    2.976997
   791    1.178669   -3.243698    2.975798
   792    1.179186   -3.240001    2.973659
   793    1.178610   -3.235782    2.970432
   794    1.177245   -3.230525    2.965977
   795    1.175609   -3.223564    2.960191
   796    1.174082   -3.214507    2.953069
   797    1.172622   -3.203401    2.944614
   798    1.170972   -3.190371    2.934735
   799    1.169479   -3.175005    2.923391
   800    1.168649   -3.156882    2.910638
   801    1.166829   -3.137801    2.896573
   802    1.165397   -3.116586    2.881334
   803    1.163266   -3.094575    2.865090
   804    1.162238   -3.070263    2.848038
   805    1.162079   -3.044204    2.830396
   806    1.161101   -3.018425    2.812392
   807    1.161062   -2.991520    2.794261
   808    1.161109   -2.964687    2.776237
   809    1.161224   -2.938268    2.758537
   810    1.162072   -2.911759    2.741270
   811    1.161927   -2.887047    2.724543
   812    1.162095   -2.863104    2.708545
   813    1.162161   -2.840590    2.693440
   814    1.161293   -2.820549    2.679371
   815    1.160832   -2.801812    2.666452
   816    1.159825   -2.785453    2.654766
   817    1.158488   -2.771337    2.644368
   818    1.158056   -2.758332    2.635327
   819    1.157262   -2.747755    2.627675
   820    1.157728   -2.737920    2.621370
   821    1.158164   -2.730014    2.616344
   822    1.158386   -2.723800    2.612312
   823    1.157940   -2.719318    2.608996
   824    1.156275   -2.717039    2.606342
   825    1.154618   -2.715695    2.604323
   826    1.152216   -2.716058    2.602951
   827    1.148836   -2.718464    2.602295
   828    1.146401   -2.721174    2.602480
   829    1.143875   -2.725423    2.603640
   830    1.141042   -2.731338    2.605713
   831    1.137352   -2.739166    2.608498
   832    1.131805   -2.749851    2.611956
   833    1.125438   -2.762484    2.616172
   834    1.118465   -2.776953    2.621216
   835    1.111278   -2.792935    2.627134
   836    1.104277   -2.810142    2.634001
   837    1.097232   -2.828944    2.641913
   838    1.091294   -2.848235    2.650898
   839    1.086952   -2.867486    2.660930
   840    1.084386   -2.886445    2.671961
   841    1.083424   -2.905177    2.683919
   842    1.084662   -2.922935    2.696701
   843    1.087827   -2.939773    2.710161
   844    1.092777   -2.955549    2.724107
   845    1.099633   -2.969798    2.738309
   846    1.107362   -2.983162    2.752502
   847    1.116617   -2.994827    2.766579
   848    1.127142   -3.004925    2.780456
   849    1.137435   -3.014576    2.793877
   850    1.148859   -3.022045    2.806590
   851    1.158669   -3.029765    2.818385
   852    1.166812   -3.037563    2.829112
   853    1.173357   -3.045241    2.838683
   854    1.178642   -3.052417    2.847067
   855    1.181824   -3.059981    2.854298
   856    1.183179   -3.067781    2.860460
   857    1.183213   -3.075938    2.865971
   858    1.183515   -3.083508    2.871267
   859    1.183383   -3.091371    2.876470
   860    1.182961   -3.099528    2.881675
   861    1.182970   -3.107389    2.886971
   862    1.183121   -3.115355    2.892432
   863    1.182837   -3.124079    2.898112
   864    1.182551   -3.133169    2.904036
   865    1.182387   -3.142499    2.910204
   866    1.182296   -3.151820    2.916415
   867    1.180329   -3.162685    2.922402
   868    1.176419   -3.175004    2.928060
   869    1.172385   -3.186880    2.933337
   870    1.166371   -3.200104    2.938189
   871    1.159245   -3.213298    2.942272
   872    1.147670   -3.228241    2.944539
   873    1.128270   -3.246900    2.944040
   874    1.101886   -3.268105    2.940555
   875    1.069095   -3.291468    2.934211
   876    1.030669   -3.316575    2.925248
   877    0.987083   -3.343220    2.913849
   878    0.939100   -3.370959    2.900226
   879    0.889286   -3.398162    2.885012
   880    0.840144   -3.423831    2.869216
   881    0.795223   -3.446033    2.853929
   882    0.757653   -3.463217    2.840212
   883    0.730375   -3.473807    2.828982
   884    0.714092   -3.478088    2.820907
   885    0.710541   -3.474847    2.816336
   886    0.720710   -3.463121    2.815288
   887    0.741926   -3.445163    2.817481
   888    0.772684   -3.421725    2.822406
   889    0.811019   -3.393798    2.829409
   890    0.854443   -3.362793    2.837766
   891    0.899132   -3.331114    2.846521
   892    0.942417   -3.299936    2.854667
   893    0.981161   -3.271333    2.861491
   894    1.015390   -3.244761    2.866644
   895    1.043161   -3.221843    2.869909
   896    1.062786   -3.203650    2.870873
   897    1.074403   -3.190292    2.869701
   898    1.079399   -3.181186    2.866936
   899    1.079446   -3.174831    2.862691
   900    1.073116   -3.172734    2.857021
   901    1.061060   -3.174627    2.850182
   902    1.046277   -3.178129    2.842591
   903    1.028703   -3.183982    2.834704
   904    1.012722   -3.189112    2.827402
   905    0.997919   -3.194102    2.820799
   906    0.983124   -3.199409    2.814415
   907    0.970703   -3.202755    2.808308
   908    0.960265   -3.204538    2.802484
   909    0.951531   -3.204974    2.796900
   910    0.945375   -3.203061    2.791471
   911    0.941150   -3.199306    2.786102
   912    0.939378   -3.193081    2.780720
   913    0.940376   -3.184027    2.775299
   914    0.944129   -3.172201    2.769867
   915    0.950953   -3.157383    2.764487
   916    0.961414   -3.139023    2.759173
   917    0.974849   -3.117582    2.753785
   918    0.990727   -3.093615    2.748343
   919    1.009635   -3.066482    2.742808
   920    1.029554   -3.037656    2.736814
   921    1.049161   -3.007867    2.729963
   922    1.068284   -2.977108    2.722133
   923    1.086454   -2.946093    2.713490
   924    1.103182   -2.915271    2.704006
   925    1.117472   -2.885397    2.693520
   926    1.128357   -2.857437    2.682029
   927    1.135547   -2.831915    2.669695
   928    1.139885   -2.808389    2.656782
   929    1.140252   -2.788482    2.643634
   930    1.137688   -2.772265    2.630996
   931    1.135801   -2.757527    2.619809
   932    1.134258   -2.745318    2.610556
   933    1.134215   -2.734750    2.603416
   934    1.134618   -2.727028    2.598491
   935    1.136258   -2.721404    2.595810
   936    1.138027   -2.718921    2.595330
   937    1.140385   -2.718942    2.596930
   938    1.142776   -2.721757    2.600433
   939    1.146369   -2.725855    2.605608
   940    1.148733   -2.733270    2.612189
   941    1.152060   -2.741387    2.619890
   942    1.154828   -2.751322    2.628437
   943    1.158064   -2.761678    2.637583
   944    1.160294   -2.773567    2.647084
   945    1.162465   -2.785700    2.656709
   946    1.164533   -2.797827    2.666261
   947    1.166535   -2.809769    2.675644
   948    1.168747   -2.821130    2.684777
   949    1.170372   -2.832520    2.693535
   950    1.172065   -2.843136    2.701818
   951    1.174321   -2.852203    2.709437
   952    1.174838   -2.861763    2.716218
   953    1.174831   -2.870483    2.722081
   954    1.172624   -2.879648    2.726762
   955    1.167953   -2.889184    2.730036
   956    1.161625   -2.898302    2.731913
   957    1.152835   -2.907889    2.732450
   958    1.142786   -2.916892    2.731746
   959    1.131211   -2.925801    2.729952
   960    1.118838   -2.934184    2.727267
   961    1.106082   -2.941986    2.723934
   962    1.094338   -2.948048    2.720111
   963    1.082924   -2.952861    2.715668
   964    1.070261   -2.957951    2.710572
   965    1.059385   -2.960661    2.705078
   966    1.048532   -2.963140    2.699443
   967    1.039778   -2.963683    2.693918
   968    1.032943   -2.962820    2.688737
   969    1.027908   -2.960986    2.684116
   970    1.024618   -2.958515    2.680239
   971    1.024521   -2.954190    2.677263
   972    1.025673   -2.950143    2.675315
   973    1.029940   -2.944637    2.674482
   974    1.036923   -2.938125    2.674798
   975    1.043546   -2.932741    2.675632
   976    1.048402   -2.928724    2.676197
   977    1.050346   -2.926917    2.676289
   978    1.049522   -2.926983    2.675779
   979    1.045383   -2.929326    2.674570
   980    1.037764   -2.934134    2.672679
   981    1.028218   -2.940193    2.670333
   982    1.016988   -2.948050    2.668063
   983    1.006525   -2.955993    2.666368
   984    0.999093   -2.962265    2.665587
   985    0.995187   -2.966843    2.666039
   986    0.994746   -2.970121    2.667948
   987    0.999986   -2.969978    2.671378
   988    1.009671   -2.967459    2.676200
   989    1.023297   -2.962610    2.682106
   990    1.040772   -2.955267    2.688924
   991    1.061407   -2.945656    2.696341
   992    1.082611   -2.935396    2.703706
   993    1.104187   -2.923781    2.710408
   994    1.124097   -2.912053    2.715914
   995    1.140876   -2.901001    2.719767
   996    1.154909   -2.889773    2.721656
   997    1.163387   -2.880953    2.721425
   998    1.167094   -2.873693    2.719034
   999    1.166676   -2.867777    2.714772
  1000    1.165205   -2.861412    2.709499
